"id","date"
"/currencies/spectre-dividend/","FromJan 12, 2018ToJan 13, 2018"
